-45.519737243652344	-71.37836456298828
-45.526329040527344	-71.27525329589844
-45.521968841552734	-71.17079162597656
-45.51714324951172	-71.05518341064453
-45.51276397705078	-70.95037841796875
-45.506866455078125	-70.82940673828125
-45.514617919921875	-70.72457885742188
-45.537742614746094	-70.6170883178711
-45.56110763549805	-70.51429748535156
-45.58604049682617	-70.40777587890625
-45.5992546081543	-70.30201721191406
-45.60268783569336	-70.19624328613281
-45.605648040771484	-70.09513854980469
-45.608882904052734	-69.98692321777344
-45.61211395263672	-69.8798599243164
-45.61532211303711	-69.77407836914062
-45.618587493896484	-69.66630554199219
-45.62200927734375	-69.55340576171875
-45.62506103515625	-69.45240783691406
-45.628273010253906	-69.34580993652344
-45.6314582824707	-69.240234375
-45.63467788696289	-69.13299560546875
-45.63792419433594	-69.0244369506836
-45.64107131958008	-68.9189682006836
-45.6442756652832	-68.81133270263672
-45.647850036621094	-68.69097137451172
-45.65105056762695	-68.5833511352539
-45.65423583984375	-68.475830078125
-45.65742111206055	-68.36811828613281
-45.660579681396484	-68.26107788085938
-45.66377258300781	-68.15306091308594
-45.667335510253906	-68.03202819824219
-45.67050552368164	-67.92406463623047
-45.67364501953125	-67.81709289550781
-45.67674255371094	-67.71118927001953
-45.679866790771484	-67.60426330566406
-45.682960510253906	-67.49849700927734
-45.68644332885742	-67.37901306152344
-45.68946075439453	-67.27506256103516
-45.69255065917969	-67.1684799194336
-45.69559860229492	-67.063232421875
-45.69877243041992	-66.95343780517578
-45.70183563232422	-66.84700012207031
-45.70486831665039	-66.74136352539062
-45.708160400390625	-66.62623596191406
-45.7111701965332	-66.52127838134766
-45.71417999267578	-66.41572570800781
-45.71717071533203	-66.310546875
-45.72018051147461	-66.2045669555664
-45.72313690185547	-66.10025787353516
-45.72662353515625	-65.97694396972656
-45.729591369628906	-65.87179565429688
-45.732547760009766	-65.76717376708984
-45.73528289794922	-65.66019439697266
-45.75327682495117	-65.55522918701172
-45.79681396484375	-65.45555114746094
-45.86653137207031	-65.3665771484375
-45.95148468017578	-65.2867431640625
-46.03282165527344	-65.21118927001953
-46.1107063293457	-65.13893127441406
-46.187808990478516	-65.0671157836914
-46.26959228515625	-64.9988021850586
-46.36265182495117	-64.94763946533203
-46.470176696777344	-64.89137268066406
-46.56495666503906	-64.84180450439453
-46.65974426269531	-64.7927017211914
-46.755882263183594	-64.7486343383789
-46.85350036621094	-64.7056884765625
-46.952274322509766	-64.66230010986328
-47.06190490722656	-64.61416625976562
-47.15754318237305	-64.5722427368164
-47.25430679321289	-64.52983856201172
-47.350547790527344	-64.48771667480469
-47.447139739990234	-64.44548797607422
-47.544708251953125	-64.40287780761719
-47.65617370605469	-64.35423278808594
-47.75751876831055	-64.31002807617188
-47.85014724731445	-64.26966857910156
-47.94759750366211	-64.22724151611328
-48.04450988769531	-64.18509674072266
-48.189239501953125	-64.1222152709961
-48.28632354736328	-64.080078125
-48.38438034057617	-64.03756713867188
-48.48096466064453	-63.9957389831543
-48.5794677734375	-63.953121185302734
-48.67819595336914	-63.91045379638672
-48.788169860839844	-63.862972259521484
-48.88596725463867	-63.82078552246094
-48.98201370239258	-63.779388427734375
-49.07893371582031	-63.73765563964844
-49.17567825317383	-63.69602966308594
-49.27219009399414	-63.654544830322266
-49.369850158691406	-63.612606048583984
-49.478919982910156	-63.56580352783203
-49.57684326171875	-63.523834228515625
-49.673492431640625	-63.48244857788086
-49.77053451538086	-63.44092559814453
-49.86761474609375	-63.39942169189453
-49.963645935058594	-63.35841369628906
-50.0738525390625	-63.311378479003906
-50.170616149902344	-63.2701301574707
-50.268436431884766	-63.22804260253906
-50.359832763671875	-63.17829132080078
-50.448753356933594	-63.119571685791016
-50.53599166870117	-63.06180191040039
-50.63692092895508	-62.995025634765625
-50.72450256347656	-62.9371223449707
-50.81383514404297	-62.87751007080078
-50.8980712890625	-62.814247131347656
-50.9818229675293	-62.75060272216797
-51.06585693359375	-62.686859130859375
-51.16522216796875	-62.61152267456055
-51.248199462890625	-62.54644012451172
-51.321044921875	-62.47005081176758
-51.39191436767578	-62.39134979248047
-51.463043212890625	-62.312416076660156
-51.53398132324219	-62.23370361328125
-51.614463806152344	-62.144405364990234
-51.685646057128906	-62.06540298461914
-51.75529479980469	-61.98810577392578
-51.82654571533203	-61.90902328491211
-51.89809799194336	-61.82958221435547
-51.968505859375	-61.75142288208008
-52.04978942871094	-61.661155700683594
-52.120506286621094	-61.58262634277344
-52.191383361816406	-61.50390625
-52.26184844970703	-61.42563247680664
-52.33279800415039	-61.3468017578125
-52.40424346923828	-61.267398834228516
-52.47623062133789	-61.1873893737793
-52.559051513671875	-61.09532928466797
-52.629295349121094	-61.01723098754883
-52.699554443359375	-60.93912124633789
-52.77008056640625	-60.860694885253906
-52.841915130615234	-60.78079605102539
-52.9114990234375	-60.703392028808594
-52.99174118041992	-60.6141357421875
-53.06189727783203	-60.53607940673828
-53.13196563720703	-60.458126068115234
-53.20274353027344	-60.37937927246094
-53.27289962768555	-60.30131149291992
-53.346946716308594	-60.21891403198242
-53.42397689819336	-60.13319778442383
-53.49391174316406	-60.05535125732422
-53.56415557861328	-59.977149963378906
-53.63410949707031	-59.899288177490234
-53.70381164550781	-59.82167053222656
-53.774845123291016	-59.7425651550293
-53.85546875	-59.65277099609375
-53.92548370361328	-59.57476806640625
-53.99589157104492	-59.496337890625
-54.065399169921875	-59.418907165527344
-54.13422775268555	-59.342201232910156
-54.203346252441406	-59.26516342163086
-54.28388214111328	-59.17539596557617
-54.35268020629883	-59.098716735839844
-54.42198181152344	-59.02146530151367
-54.49061965942383	-58.944942474365234
-54.56135177612305	-58.866065979003906
-54.63468933105469	-58.784278869628906
-54.70664978027344	-58.704017639160156
-54.78104019165039	-58.62103271484375
-54.85048294067383	-58.543556213378906
-54.91966247558594	-58.46635818481445
-54.98951721191406	-58.3884162902832
-55.058799743652344	-58.31109619140625
-55.12948226928711	-58.23221969604492
-55.20736312866211	-58.14226531982422
-55.262840270996094	-58.04273223876953
-55.30793762207031	-57.9503173828125
-55.35247039794922	-57.859230041503906
-55.39830017089844	-57.765533447265625
-55.44457244873047	-57.670955657958984
-55.497291564941406	-57.563201904296875
-55.543216705322266	-57.469322204589844
-55.58912658691406	-57.375465393066406
-55.63493347167969	-57.28178787231445
-55.68057632446289	-57.18844985961914
-55.726871490478516	-57.093753814697266
-55.77946090698242	-56.98616409301758
-55.82518768310547	-56.892616271972656
-55.87141418457031	-56.79800033569336
-55.91746520996094	-56.70374298095703
-55.96291732788086	-56.61069107055664
-56.0089111328125	-56.516510009765625
-56.05470275878906	-56.42272186279297
-56.10780334472656	-56.313926696777344
-56.154205322265625	-56.218841552734375
-56.19955825805664	-56.126060485839844
-56.24760437011719	-56.027801513671875
-56.29435348510742	-55.93214416503906
-56.33887481689453	-55.84102249145508
-56.38922882080078	-55.737937927246094
-56.43479919433594	-55.644630432128906
-56.480316162109375	-55.55141067504883
-56.52668762207031	-55.4564323425293
-56.572105407714844	-55.36339569091797
-56.61749267578125	-55.27039337158203
-56.66997528076172	-55.162841796875
-56.71590042114258	-55.06869125366211
-56.76207733154297	-54.97402572631836
-56.80809783935547	-54.879661560058594
-56.85327911376953	-54.78699493408203
-56.90019989013672	-54.69075012207031
-56.95283889770508	-54.5827522277832
-56.99856185913086	-54.48891067504883
-57.043968200683594	-54.39529800415039
-57.0738525390625	-54.29705810546875
-57.08893585205078	-54.193328857421875
-57.10316848754883	-54.08978271484375
-57.11713409423828	-53.988059997558594
-57.133460998535156	-53.86891174316406
-57.14738464355469	-53.7672233581543
-57.16201400756836	-53.66032409667969
-57.177860260009766	-53.5444221496582
-57.19184875488281	-53.44210433959961
-57.20588684082031	-53.33930587768555
-57.21942901611328	-53.24012756347656
-57.233341217041016	-53.138214111328125
-57.24726486206055	-53.036094665527344
-57.26123046875	-52.933677673339844
-57.27577209472656	-52.826934814453125
-57.290199279785156	-52.720970153808594
-57.30522918701172	-52.61061477661133
-57.31919479370117	-52.50790023803711
-57.33293914794922	-52.40678405761719
-57.34685516357422	-52.304420471191406
-57.360897064208984	-52.20101547241211
-57.376197814941406	-52.09053039550781
-57.374732971191406	-51.97368240356445
-57.357261657714844	-51.87476348876953
-57.338626861572266	-51.77341079711914
-57.31955337524414	-51.66983413696289
-57.300697326660156	-51.5674934387207
-57.28174591064453	-51.464752197265625
-57.261104583740234	-51.35289001464844
-57.240230560302734	-51.239837646484375
-57.221290588378906	-51.137271881103516
-57.20240020751953	-51.03507614135742
-57.18389892578125	-50.934959411621094
-57.16482925415039	-50.831851959228516
-57.145992279052734	-50.730018615722656
-57.127010345458984	-50.6274299621582
-57.10521697998047	-50.509700775146484
-57.08637619018555	-50.40802764892578
-57.06727600097656	-50.3049201965332
-57.04808044433594	-50.201358795166016
-57.02924728393555	-50.09980392456055
-57.01033020019531	-49.997798919677734
-56.988765716552734	-49.88163757324219
-56.9677734375	-49.779441833496094
-56.94197463989258	-49.68031311035156
-56.91544723510742	-49.578330993652344
-56.888885498046875	-49.47612762451172
-56.862449645996094	-49.37439727783203
-56.83638000488281	-49.274085998535156
-56.806400299072266	-49.158748626708984
-56.78063201904297	-49.05961227416992
-56.75290298461914	-48.95297622680664
-56.72768020629883	-48.856040954589844
